6

5
1 1 1
6 6 6
4 4 4
9 9 9
9 9 9

10
3 3 3
5 5 5
15 15 15
15 15 15
14 14 14
9 9 9
15 15 15
10 10 10
13 13 13
5 5 5

25
41 9 37
28 50 10
43 24 10
23 10 49
50 22 29
5 9 24
12 35 48
42 39 16
42 12 7
30 29 1
35 47 34
19 44 42
21 29 32
35 50 46
50 22 28
42 33 23
45 23 30
22 10 37
30 5 48
20 32 26
15 47 17
25 41 49
28 5 17
37 45 8
41 7 18

50
83 24 20
63 60 61
40 95 19
15 40 8
89 40 70
26 91 92
36 17 82
100 28 72
27 48 63
95 86 98
58 10 94
49 26 70
2 62 81
39 48 9
7 89 82
77 44 88
77 40 6
58 20 77
55 82 100
85 38 58
27 42 91
52 67 85
99 23 90
24 43 52
51 30 95
58 60 100
19 36 48
25 98 8
47 3 53
38 94 1
59 20 71
34 93 36
66 53 48
12 48 10
34 17 53
49 89 47
32 3 29
25 39 36
84 38 13
13 98 3
92 13 54
90 28 6
27 83 67
32 11 55
96 24 15
95 61 65
41 21 68
51 73 35
47 90 17
77 6 89

75
32 8 7
57 44 8
20 5 99
43 6 52
44 86 42
68 32 9
90 81 21
41 26 63
8 22 48
36 97 10
45 33 85
54 65 29
9 28 15
78 59 100
44 41 71
14 1 35
84 84 12
28 66 10
54 36 4
93 4 13
81 43 8
3 52 28
51 16 19
92 51 31
39 76 91
79 9 60
72 38 7
18 46 96
50 1 16
35 33 76
15 7 96
33 82 96
49 44 16
80 25 76
63 49 75
33 48 19
66 22 79
98 61 90
11 12 85
13 73 95
79 81 69
17 87 51
43 77 37
19 65 46
60 87 30
63 91 20
97 31 88
99 10 15
79 65 71
94 88 25
22 38 87
38 79 4
53 15 5
63 88 66
70 81 60
46 39 66
80 18 20
18 67 24
39 84 36
8 87 15
35 95 8
40 1 39
95 57 51
1 70 35
35 86 4
78 85 92
68 14 8
19 73 48
17 47 53
13 3 85
56 35 75
21 35 35
58 18 67
81 15 73
15 24 86

100
64 52 87
61 27 92
79 38 58
39 17 98
4 7 2
31 42 2
98 34 94
95 42 3
72 65 68
22 37 9
57 30 22
91 49 72
71 28 60
58 57 67
93 68 32
65 31 55
26 3 32
71 43 71
23 85 95
93 68 45
9 13 18
49 93 62
83 48 31
78 34 53
78 80 64
98 20 2
72 76 59
40 69 4
35 95 26
54 38 6
27 28 24
73 91 89
90 66 90
44 58 2
50 77 27
63 15 22
1 47 36
30 51 22
42 46 57
60 3 90
71 88 98
82 37 77
27 23 43
77 25 33
99 46 90
94 61 41
13 17 50
31 44 95
37 36 30
31 97 87
41 88 45
49 6 55
51 83 63
28 60 76
26 72 4
12 48 12
21 58 17
21 89 41
65 49 20
65 27 23
59 63 15
25 65 93
62 11 64
67 25 7
9 15 66
41 64 94
80 75 91
90 18 12
70 54 63
65 27 96
6 95 35
53 96 78
4 11 45
60 12 83
74 93 11
25 27 61
54 34 11
43 56 7
85 74 84
2 7 68
57 6 41
60 50 29
32 28 70
16 91 51
55 89 22
26 13 63
75 7 28
37 73 43
68 24 7
48 19 7
66 63 44
7 2 89
94 39 9
27 74 35
85 77 87
77 70 72
7 97 4
39 10 63
5 41 66
1 47 44
